RecipeId,No_of_reviews,,No_of_ingredients,No_of_servings,No_of_instructions,AggregatedRating
38,4,,4,4,10,4.5
39,1,,25,6,35,3
40,10,,7,4,12,4.5
41,2,,14,2,35,4.5
42,11,,5,4,4,4.5
43,1,,13,8,23,1
44,23,,12,2,15,5
45,3,,8,8,17,4
46,2,,2,0,8,5
47,2,,6,0,11,4
48,2,,16,8,33,2
49,21,,11,6,21,5
50,2,,8,0,28,4.5
51,1,,11,4,8,3
52,1,,3,18,3,5
53,1,,12,0,20,3
54,17,,14,12,15,5
55,4,,5,4,2,5
56,171,,8,8,9,5
57,1,,7,8,2,3
58,7,,9,6,15,4.5
59,4,,9,8,15,5
60,1,,10,12,11,3
61,0,,9,0,20,0
62,23,,9,2,10,5
63,4,,9,6,17,5
64,3,,8,10,13,4.5
66,19,,11,0,4,5
67,1,,13,12,19,5
68,0,,12,8,18,0
69,0,,2,0,41,0
70,2,,9,0,15,1
71,12,,15,8,33,5
72,10,,9,10,14,5
73,1,,9,0,12,1
74,0,,9,12,16,0
75,0,,8,10,5,0
76,207,,5,4,8,5
78,2,,7,0,8,3.5
79,0,,5,6,13,0
80,4,,6,4,9,5
81,2,,5,0,84,5
82,3,,19,8,23,3.5
83,3,,9,4,19,3
84,5,,3,12,16,5
85,2,,7,8,14,5
86,4,,6,0,14,5
87,4,,8,12,13,4.5
88,3,,3,4,8,3.5
89,2,,10,12,19,5
90,2,,3,0,10,4
91,8,,13,6,18,5
92,6,,10,4,7,5
93,11,,6,4,6,5
94,4,,7,12,11,5
96,0,,9,4,10,0
97,0,,10,6,27,0
99,1,,8,0,1,5
100,5,,14,8,17,3.5
101,0,,18,0,9,0
102,25,,6,0,9,4
103,3,,10,0,12,3
104,14,,8,6,9,4.5
105,1,,4,4,8,4
106,0,,7,4,19,0
108,2,,14,8,19,3
109,2,,12,4,19,5
110,3,,4,4,16,4
112,7,,16,9,17,4
113,1,,10,12,18,3
114,5,,12,6,19,5
115,1,,11,1,17,5
116,38,,10,8,23,5
117,6,,9,48,16,4.5
118,2,,15,10,43,4
119,2,,5,1,3,4
120,5,,13,8,15,5
121,0,,8,2,7,0
122,2,,21,16,46,5
123,2,,10,12,12,5
124,1,,6,0,6,5
125,1,,11,4,13,5
126,1,,13,4,12,5
127,1,,5,4,11,4
128,2,,4,4,7,5
129,30,,2,20,3,5
130,0,,10,8,10,0
131,6,,9,16,4,4.5
133,4,,6,0,19,5
134,0,,11,0,8,0
135,5,,1,0,6,5
136,6,,9,12,15,5
138,0,,2,0,9,0
139,5,,10,4,13,5
141,1,,16,1,22,4
142,23,,9,0,12,5
143,7,,10,4,22,5
144,1,,7,4,13,3
145,0,,9,0,5,0
146,1,,9,0,40,3
147,2,,1,6,7,4.5
148,1,,9,1,13,0
149,1,,2,1,5,5
150,12,,9,8,23,5
151,0,,6,0,8,0
152,2,,2,8,12,5
153,50,,15,0,47,5
154,2,,9,0,6,5
155,26,,9,4,3,4.5
156,2,,4,1,10,3
157,0,,6,0,11,0
158,0,,7,4,16,0
159,16,,22,4,39,5
160,0,,13,6,16,0
161,2,,7,0,27,5
162,2,,11,8,7,5
163,0,,9,8,12,0
164,1,,13,4,9,5
165,2,,10,0,11,5
166,0,,8,0,24,0
167,20,,8,6,13,5
168,32,,7,12,7,5
169,0,,8,0,9,0
170,8,,9,4,4,4
171,1,,6,6,9,4
172,8,,13,10,23,5
173,8,,13,4,18,5
174,1,,6,4,16,5
175,7,,5,4,8,4.5
176,1,,9,8,7,5
177,11,,13,6,11,5
178,1,,7,4,17,4
179,29,,8,2,11,5
180,5,,9,1,37,4.5
181,3,,11,2,5,3
182,0,,6,4,6,0
183,1,,5,0,9,5
185,3,,10,12,10,5
186,9,,11,8,14,5
187,10,,11,4,30,5
189,1,,9,0,17,5
190,4,,14,0,11,4
191,7,,10,12,15,5
192,29,,11,0,29,5
193,3,,8,6,9,4.5
194,4,,7,2,17,4.5
195,1,,8,6,34,5
196,1,,7,8,30,5
197,2,,10,8,26,5
198,52,,11,4,15,5
199,5,,13,6,14,5
200,15,,5,4,20,5
201,4,,8,2,30,4.5
203,16,,12,0,20,4.5
204,7,,11,6,30,5
205,1,,11,0,20,5
206,1,,7,12,13,5
207,1,,7,0,6,5
208,2,,6,6,14,5
209,1,,7,4,10,3
210,9,,1,32,5,5
211,28,,7,8,6,5
212,1,,7,0,14,5
213,1,,9,0,16,4
214,0,,6,0,19,0
215,5,,9,0,7,5
216,2,,2,0,9,5
217,2,,6,0,11,4.5
218,0,,2,12,11,0
219,10,,15,0,17,5
220,162,,9,10,8,5
221,9,,9,12,20,5
222,0,,12,0,64,0
223,2,,8,12,13,3
224,8,,7,8,12,5
225,1,,4,36,15,3
226,3,,10,24,23,4
227,5,,8,0,14,4.5
228,6,,2,6,3,5
229,6,,7,6,8,4.5
230,13,,7,16,11,5
231,3,,7,12,23,5
232,22,,9,8,21,4.5
233,0,,3,1,8,0
234,2,,6,8,5,5
235,0,,5,4,8,0
236,3,,8,8,24,5
238,3,,10,0,6,5
240,9,,4,4,15,4.5
242,15,,7,12,78,5
243,3,,3,0,12,5
245,2,,6,2,7,4.5
246,65,,8,8,16,5
247,1,,7,0,9,5
248,0,,5,0,4,0
249,8,,3,4,7,4.5
250,13,,6,4,11,4.5
251,9,,11,4,19,4
252,2,,11,0,4,4
253,2,,6,2,4,4.5
254,0,,10,16,28,0
256,2,,7,72,22,4.5
257,0,,7,0,15,0
258,1,,7,8,20,5
259,5,,13,0,15,3.5
260,1,,10,4,15,3
261,15,,8,6,11,5
262,1,,5,6,18,0
263,0,,3,0,12,0
264,3,,15,8,44,4
265,0,,5,4,15,0
266,6,,9,8,27,4.5
267,26,,9,0,21,5
270,9,,5,0,21,5
271,15,,6,4,6,5
272,3,,7,4,14,5
273,3,,4,1,22,5
274,1,,9,8,18,5
275,1,,6,0,32,5
276,6,,14,0,30,5
277,1,,5,4,19,3
278,15,,9,50,22,5
279,1,,10,8,12,5
280,28,,5,4,21,4.5
281,3,,4,8,8,5
282,4,,7,4,9,5
283,2,,10,0,26,5
284,2,,4,2,4,5
285,3,,11,4,24,4.5
287,6,,11,15,15,3
288,4,,4,4,9,4
289,1,,9,0,20,5
290,4,,9,0,17,5
291,1,,6,0,7,4
292,0,,10,6,16,0
293,2,,4,2,11,4.5
294,2,,8,4,24,4
295,1,,8,4,6,5
296,5,,8,0,23,5
297,3,,5,6,14,5
298,3,,8,4,18,4.5
299,0,,7,4,12,0
300,3,,6,8,32,5
301,4,,11,8,30,5
302,3,,9,6,16,5
303,3,,2,0,18,5
304,5,,5,6,11,4.5
306,0,,2,1,9,0
308,0,,3,0,6,0
309,0,,4,0,31,0
310,8,,1,12,16,5
311,1,,2,0,12,5
312,0,,12,48,17,0
313,0,,2,1,6,0
314,15,,11,2,22,5
315,0,,5,4,8,0
316,5,,16,0,33,4
317,0,,11,8,14,0
318,4,,5,0,11,5
319,66,,10,4,13,5
320,1,,5,0,12,3
321,1,,7,1,15,5
322,8,,6,4,8,5
323,1,,8,4,13,4
324,13,,11,2,15,5
325,1,,11,6,20,4
327,10,,11,4,20,4.5
328,3,,8,7,15,4
329,4,,11,6,23,4.5
330,1,,6,6,6,4
332,1,,7,8,12,5
333,0,,11,6,27,0
334,34,,3,42,12,5
335,0,,11,6,36,0
336,0,,6,36,31,0
337,1,,8,0,18,2
338,0,,12,2,24,0
339,4,,9,8,12,5
340,1,,6,0,3,5
341,0,,4,2,8,0
342,4,,5,8,11,5
343,10,,9,4,7,5
344,1,,7,0,19,2
345,2,,9,8,12,3
346,31,,5,4,9,5
347,0,,9,3,15,0
349,1,,13,0,23,2
350,7,,5,4,11,3.5
351,3,,16,0,20,5
352,6,,6,6,7,5
354,0,,5,0,7,0
355,9,,7,8,8,5
356,20,,11,0,17,5
357,0,,4,2,15,0
358,1,,5,0,8,1
360,2,,9,2,15,5
361,8,,5,6,9,4
362,9,,12,4,19,4
363,2,,7,4,9,4.5
364,1,,9,3,17,4
365,2,,8,6,11,3
366,2,,6,8,7,5
367,0,,7,8,19,0
368,1,,7,1,9,5
369,0,,8,8,16,0
370,1,,9,4,22,4
371,1,,4,36,13,5
372,0,,5,0,11,0
373,4,,9,6,14,3
374,7,,14,8,25,5
375,5,,5,4,8,5
376,36,,6,4,10,4.5
377,2,,8,1,5,4
378,17,,19,12,32,5
379,8,,9,0,2,5
380,1,,8,8,13,4
381,7,,12,8,11,5
382,6,,13,0,19,5
383,1,,2,4,4,4
384,2,,7,2,6,5
385,1,,7,10,9,3
387,2,,4,1,4,5
389,4,,8,36,18,5
390,1,,4,4,8,5
391,0,,11,12,12,0
392,1,,8,8,17,5
393,1,,7,0,27,5
394,0,,10,12,14,0
396,1,,8,1,5,3
397,24,,6,32,22,5
398,0,,8,8,18,0
399,8,,4,0,9,5
400,4,,5,0,4,4
401,1,,6,1,6,3
402,2,,2,0,19,5
403,0,,5,6,13,0
404,3,,3,4,5,4.5
405,0,,12,4,22,0
406,1,,2,1,4,4
407,2,,6,6,7,5
408,2,,9,10,24,4.5
409,1,,8,1,4,3
410,1,,1,1,4,0
411,2,,3,12,6,4
412,3,,1,1,2,4.5
413,1,,13,4,14,5
414,24,,22,12,33,5
415,7,,5,6,5,5
416,0,,6,16,10,0
418,1,,6,16,14,5
419,0,,7,0,5,0
420,4,,14,0,16,4.5
421,1,,7,0,15,5
422,1,,7,8,8,4
423,2,,7,6,12,2
424,1,,8,12,24,5
425,3,,15,8,15,4
427,0,,18,0,23,0
428,1,,4,8,13,5
429,4,,8,10,26,3.5
430,7,,5,4,8,5
431,7,,7,6,1,5
432,50,,9,8,14,5
434,2,,8,0,22,4
435,2,,10,36,26,4.5
436,6,,9,8,3,5
437,1,,5,4,8,5
441,1,,6,12,7,5
442,0,,5,6,18,0
443,0,,5,6,8,0
444,2,,13,0,21,4
445,32,,11,24,12,5
446,0,,10,1,26,0
447,0,,12,32,20,0
448,0,,7,60,14,0
449,1,,7,36,20,0
450,3,,9,6,16,5
451,15,,11,6,16,5
452,3,,17,8,29,4.5
454,3,,13,6,18,4.5
456,46,,15,6,17,4.5
457,0,,12,0,18,0
458,1,,5,10,9,5
459,2,,5,12,9,4
460,7,,9,8,17,4
461,2,,17,6,39,4
462,0,,12,10,26,0
463,7,,3,15,4,4.5
464,8,,4,4,4,4.5
465,1,,2,2,7,5
466,1,,12,6,31,5
467,3,,6,8,10,3.5
468,68,,4,2,7,5
469,7,,6,16,11,5
470,0,,7,1,11,0
471,3,,16,6,24,4
472,2,,10,2,20,3.5
473,2,,11,0,30,5
475,1,,6,0,8,2
476,3,,12,0,25,5
478,3,,10,0,28,5
479,16,,7,6,13,5
480,17,,12,6,34,5
481,91,,12,10,12,5
482,0,,11,4,17,0
483,2,,9,6,11,4.5
484,2,,10,1,22,4.5
485,7,,10,6,15,4.5
486,1,,15,4,29,5
487,17,,7,0,20,5
489,1,,5,20,14,1
490,2,,11,0,14,5
491,2,,5,6,5,3
492,2,,6,0,7,3.5
493,2,,5,0,22,5
494,3,,8,6,24,4.5
495,1,,10,70,20,5
496,1,,8,12,15,5
497,0,,9,32,39,0
498,10,,11,0,21,5
499,0,,7,0,3,0
500,0,,5,0,6,0
501,5,,7,12,9,5
502,10,,12,4,30,5
503,6,,16,4,16,4
504,2,,12,6,14,4
505,4,,8,5,21,4.5
506,16,,9,10,9,4.5
507,1,,4,4,16,4
508,3,,4,0,13,5
511,0,,8,6,8,0
512,10,,2,4,7,5
514,3,,3,36,5,4
515,2,,2,0,9,5
516,0,,1,1,15,0
517,7,,19,12,24,5
518,6,,7,8,14,4
519,50,,6,5,10,5
520,12,,12,8,14,4.5
522,0,,8,0,13,0
523,0,,5,0,17,0
524,8,,12,0,10,4.5
525,1,,6,4,11,5
526,2,,2,2,13,4.5
527,0,,16,0,30,0
528,10,,8,4,16,5
529,6,,6,0,12,5
531,1,,8,4,8,3
532,0,,11,6,18,0
533,1,,6,0,4,3
534,2,,8,4,7,5
535,4,,3,4,9,5
536,68,,9,12,17,4.5
537,0,,1,1,6,0
538,0,,2,6,10,0
539,1,,17,10,19,5
540,4,,5,18,3,3.5
541,18,,6,0,12,4.5
542,13,,1,14,3,4.5
543,16,,15,4,17,5
544,9,,12,6,13,4.5
545,9,,16,4,32,5
546,4,,5,2,5,5
547,2,,9,8,13,4.5
548,22,,6,4,9,5
549,0,,6,4,13,0
550,12,,2,0,11,5
551,1,,5,6,16,5
552,13,,5,4,5,4.5
555,3,,6,0,11,4
556,12,,5,0,22,4.5
557,2,,8,10,4,5
558,24,,11,12,21,5
559,1,,7,1,13,4
560,2,,6,0,9,4.5
561,7,,7,4,7,5
562,0,,8,8,10,0
563,2,,7,0,6,4
564,2,,8,2,8,4
565,5,,4,0,10,4.5
566,18,,6,2,2,4.5
567,22,,6,0,11,4.5
568,13,,7,2,5,5
569,0,,6,4,6,0
570,1,,7,0,12,4
571,15,,2,0,10,4.5
572,9,,6,6,13,5
573,25,,4,0,12,5
574,0,,3,6,8,0
575,3,,4,8,3,4
576,5,,5,15,8,4.5
577,1,,6,1,26,4
579,1,,12,0,4,0
580,5,,7,4,11,4
581,1,,4,2,5,4
582,1,,14,8,22,4
583,1,,4,0,7,1
584,2,,8,0,16,3
585,2,,6,4,14,4
586,0,,6,0,16,0
587,1,,10,0,14,4
588,14,,19,6,37,5
589,4,,7,20,3,5
590,3,,8,8,24,5
591,2,,13,8,18,5
592,8,,7,0,16,4.5
593,10,,5,1,7,5
594,0,,3,2,6,0
595,4,,6,6,11,3
596,1,,11,8,5,5
597,0,,4,4,8,0
598,1,,14,6,22,5
599,0,,16,10,21,0
600,0,,4,0,9,0
601,22,,6,0,8,5
602,2,,16,4,30,5
603,3,,22,4,35,5
604,13,,9,0,27,5
605,9,,16,4,18,5
606,8,,9,4,18,4
607,162,,14,16,21,5
608,11,,12,12,10,5
609,8,,9,2,19,5
610,0,,12,1,10,0
611,3,,5,1,7,4.5
612,1,,5,0,12,5
613,0,,9,4,23,0
614,1,,2,20,16,5
615,32,,4,2,10,4.5
616,4,,6,24,20,5
617,7,,7,0,12,4.5
618,0,,3,6,12,0
619,25,,5,3,7,5
620,5,,14,8,11,3
621,0,,7,2,12,0
622,0,,15,0,16,0
623,3,,15,8,24,4
625,0,,9,1,14,0
626,6,,7,48,13,4
627,1,,7,0,26,5
628,1,,6,2,22,4
629,1,,8,6,16,4
630,4,,11,0,21,4.5
631,1,,14,0,12,5
632,85,,5,0,12,4.5
633,0,,14,0,36,0
634,11,,8,4,23,5
635,4,,10,0,20,5
636,11,,10,0,12,5
637,1,,8,0,6,5
638,9,,9,0,9,5
639,2,,9,8,34,4
640,11,,7,0,8,5
641,1,,10,0,15,3
642,14,,8,2,12,4.5
643,1,,15,4,33,5
644,2,,6,0,15,5
645,4,,16,0,27,4
646,4,,7,0,8,5
647,50,,9,0,14,5
648,19,,8,4,13,5
649,1,,8,4,12,4
650,1,,10,0,8,4
651,2,,7,0,23,4.5
652,3,,6,0,7,5
653,1,,4,0,25,5
655,0,,6,6,15,0
656,1,,11,0,29,5
657,3,,8,0,59,5
658,1,,3,0,15,4
659,6,,4,1,6,5
660,1,,10,0,3,4
661,5,,4,4,14,4
662,0,,8,4,26,0
663,0,,9,0,15,0
664,25,,13,4,7,4.5
665,8,,4,0,16,4
666,2,,11,8,29,5
667,19,,6,0,20,4.5
668,1,,14,6,16,5
669,3,,5,0,19,3.5
670,3,,9,12,21,4
671,12,,10,0,9,4.5
672,1,,4,0,9,4
673,7,,7,0,10,5
674,5,,8,4,17,4
675,0,,8,8,15,0
676,9,,4,0,11,3
677,4,,9,6,8,4
678,2,,9,8,33,3.5
679,1,,7,0,13,3
680,2,,9,4,14,3.5
681,0,,8,0,11,0
682,1,,4,0,15,5
683,8,,10,0,10,4
684,4,,5,0,21,5
685,4,,4,0,9,5
686,20,,12,4,9,4
687,0,,12,25,30,0
688,2,,4,24,4,4
689,8,,6,4,15,4.5
690,5,,9,0,25,4.5
691,5,,12,8,26,5
692,1,,6,1,99,4
693,17,,3,2,4,4.5
694,0,,10,6,13,0
695,0,,8,8,26,0
696,5,,15,6,61,5
697,0,,6,0,15,0
705,2,,6,4,11,4.5
707,2,,11,0,29,5
712,1,,4,0,8,4
714,0,,7,0,10,0
715,0,,13,1,9,0
719,17,,13,4,18,4.5
720,0,,17,8,20,0
721,5,,6,4,10,4.5
730,3,,5,48,3,5
736,11,,8,12,17,5
742,3,,5,8,28,5
744,102,,4,4,13,5
747,10,,7,4,13,4.5
749,198,,15,4,11,5
751,1,,4,4,3,4
753,3,,10,8,11,5
754,17,,6,16,1,5
759,3,,7,0,15,5
760,3,,10,1,5,5
765,0,,6,6,12,0
766,0,,9,6,25,0
768,3,,12,8,14,4.5
772,0,,5,0,8,0
773,13,,10,6,21,5
776,4,,9,8,25,5
777,9,,7,4,8,5
778,5,,3,4,6,5
779,3,,7,16,15,5
780,12,,11,4,16,5
782,4,,8,6,8,5
789,0,,7,8,12,0
790,1,,8,12,15,4
794,14,,5,0,6,5
800,4,,3,1,13,4
801,3,,5,6,10,5
808,0,,1,1,2,0
809,57,,10,0,11,4.5
810,72,,9,0,14,4.5
820,33,,4,0,4,4.5
822,85,,1,0,4,5
824,1,,3,4,14,5
825,16,,6,4,14,5
828,3,,2,0,9,4.5
833,2,,8,0,21,5
834,46,,6,3,7,4.5
842,0,,7,0,5,0
845,8,,5,0,8,4
846,4,,1,1,9,4.5
851,17,,2,16,9,5
852,0,,6,1,7,0
854,4,,8,0,20,3.5
858,0,,10,4,21,0
860,88,,6,9,12,5
868,2,,17,6,35,4.5
875,0,,7,0,8,0
876,4,,5,2,8,5
880,1,,11,1,14,5
884,1,,1,1,13,4
885,3,,9,6,12,5
886,8,,8,0,17,4.5
893,1,,12,0,12,5
897,12,,3,4,6,5
898,0,,12,6,29,0
902,3,,6,0,10,2
903,30,,19,12,8,5
908,0,,10,4,24,0
911,0,,5,8,12,0
912,2,,9,0,13,4.5
913,1,,5,0,7,5
915,0,,3,0,5,0
916,113,,6,6,13,4.5
920,1,,8,4,6,4
929,1,,15,0,26,5
930,22,,6,6,16,5
931,7,,8,6,21,5
932,13,,8,16,9,4.5
933,2,,9,0,6,4.5
938,2,,3,8,7,5
943,1,,6,0,6,3
947,56,,9,0,6,5
952,6,,7,8,6,5
953,2,,7,6,9,3
956,1,,9,0,16,5
958,4,,7,0,4,4
962,10,,7,6,15,5
965,11,,8,0,15,4.5
966,0,,4,0,18,0
970,7,,8,4,9,5
971,1,,7,2,8,4
974,1,,7,0,20,0
975,4,,11,12,21,5
989,1,,4,1,7,4
990,0,,10,0,26,0
992,15,,7,24,13,5
993,0,,8,4,16,0
997,1,,12,0,26,5
998,7,,8,12,15,5
1001,0,,9,0,9,0
1003,0,,15,8,24,0
1005,134,,11,16,18,5
1008,1,,6,1,13,0
1012,2,,8,6,11,2.5
1018,2,,6,8,11,3.5
1024,6,,8,14,40,4.5
1031,1,,11,8,9,4
1032,16,,14,0,18,4.5
1033,1,,9,12,16,4
1034,7,,11,48,21,4.5
1035,79,,4,0,5,5
1042,17,,14,8,15,5
1044,1,,10,8,20,5
1045,1,,11,8,36,0
1048,8,,10,8,5,4.5
1056,0,,12,6,22,0
1059,0,,3,0,7,0
1061,0,,6,0,13,0
1068,3,,1,1,4,4.5
1069,4,,2,1,17,5
1073,2,,6,6,5,5
1074,5,,10,16,4,4
1075,2,,7,4,15,2
1078,131,,9,4,2,5
1079,2,,7,0,9,4.5
1081,0,,4,4,13,0
1085,3,,13,8,23,4.5
1086,17,,15,0,16,4.5
1100,8,,7,6,5,4
1103,3,,8,0,11,4.5
1106,11,,14,0,9,4.5
1107,0,,10,1,13,0
1108,0,,2,0,11,0
1117,17,,7,4,15,5
1119,23,,12,6,12,5
1127,1,,7,0,10,2
1128,6,,10,6,18,4.5
1129,5,,11,0,4,5
1133,23,,7,6,9,5
1135,0,,6,4,24,0
1136,9,,16,6,10,4.5
1141,1,,12,6,14,3
1144,1,,17,6,20,5
1145,5,,5,1,4,5
1148,2,,4,3,1,4
1149,34,,13,12,15,5
1150,2,,9,12,25,4
1151,8,,8,0,11,5
1155,1,,4,4,5,5
1157,15,,3,6,5,4.5
1162,5,,10,16,15,4.5
1165,4,,4,6,10,3.5
1166,3,,10,0,21,5
1168,8,,15,24,20,5
1170,12,,4,2,6,5
1171,38,,5,0,5,4.5
1175,3,,5,1,5,4
1181,7,,5,0,4,4.5
1183,6,,11,0,11,5
1184,3,,7,6,7,4
1191,0,,6,0,18,0
1196,5,,10,0,17,3.5
1201,4,,12,0,18,4
1204,1,,14,1,10,1
1207,13,,11,6,14,5
1209,609,,7,15,7,5
1217,7,,3,6,5,5
1220,0,,4,0,9,0
1224,0,,6,4,9,0
1229,6,,3,10,10,4.5
1232,8,,11,4,20,4
1236,39,,10,4,15,5
1242,10,,6,0,8,4.5
1243,4,,8,12,10,5
1246,3,,8,0,13,5
1249,8,,7,4,21,4.5
1253,4,,4,0,5,1
1259,1,,8,1,15,4
1266,4,,4,8,11,3.5
1267,29,,7,4,18,5
1270,0,,12,1,26,0
1275,2,,2,4,7,5
1293,29,,6,36,15,5
1296,2,,5,4,6,4
1298,1,,3,0,14,4
1303,2,,11,14,19,4.5
1306,20,,14,8,9,5
1313,0,,15,0,24,0
1315,1,,4,8,10,5
1317,13,,7,12,7,4.5
1320,8,,6,1,2,4.5
1322,12,,7,0,6,4.5
1330,3,,7,1,10,5
1355,4,,8,4,12,5
1356,339,,9,3,17,5
1367,0,,7,0,11,0
1376,0,,1,0,8,0
1379,1,,3,0,8,5
1380,0,,3,0,7,0
1387,98,,13,8,21,5
1391,2,,13,8,30,4
1396,1,,12,8,21,5
1399,1,,8,20,9,4
1401,2,,10,6,5,4.5
1406,2,,5,6,5,3
1408,1,,4,9,9,5
1409,9,,7,1,4,5
1411,0,,9,24,11,0
1414,0,,3,0,5,0
1415,4,,7,1,4,4
1416,0,,5,0,9,0
1417,4,,5,0,10,5
1420,5,,6,24,11,4.5
1421,0,,8,6,15,0
1423,24,,5,6,8,5
1428,8,,7,12,18,4.5
1429,5,,5,70,11,5
1430,4,,6,1,21,4
1432,0,,14,4,9,0
1436,7,,9,0,9,4
1437,1,,2,30,13,5
1438,30,,9,12,9,5
1442,4,,6,15,16,4.5
1443,2,,4,4,6,4
1445,0,,4,0,13,0
1446,1,,6,6,7,2
1447,0,,6,0,7,0
1448,0,,9,6,8,0
1451,8,,7,6,5,3.5
1460,43,,5,8,5,5
1465,3,,9,0,15,5
1475,0,,3,8,5,0
1481,10,,7,4,7,5
1485,6,,2,0,15,3.5
1505,22,,6,1,11,5
1506,1,,7,1,2,2
1507,1,,6,8,15,5
1508,0,,8,0,11,0
1516,0,,13,8,9,0
1521,1,,5,6,7,5
1522,24,,10,6,12,5
1524,2,,6,4,10,4.5
1525,1,,11,2,20,5
1526,1,,8,6,17,5
1527,1,,7,3,22,5
1528,1,,9,6,15,5
1530,0,,10,8,15,0
1533,1,,14,4,13,5
1534,0,,13,4,17,0
1536,9,,12,4,20,5
1540,5,,9,4,16,4
1541,2,,9,4,9,3.5
1542,1,,9,6,17,5
1543,2,,9,0,12,4
1547,0,,6,0,16,0
1550,1,,11,4,11,5
1551,32,,9,4,14,4.5
1552,1,,9,0,17,5
1553,0,,11,4,23,0
1557,7,,7,4,9,5
1559,18,,5,8,6,4.5
1560,1,,6,4,4,5
1562,2,,9,0,9,4
1563,0,,4,16,19,0
1564,2,,11,12,19,4
1565,1,,6,1,14,5
1566,2,,7,8,19,4.5
1574,6,,3,0,11,4.5
1576,1,,5,0,8,3
1577,1,,10,6,25,4
1578,1,,5,4,18,5
1580,2,,5,10,13,4.5
1581,13,,10,4,18,5
1587,1,,8,1,18,5
1590,3,,2,0,3,5
1591,5,,4,4,8,4.5
1592,0,,8,8,5,0
1593,2,,7,4,5,5
1594,0,,5,4,15,0
1595,7,,9,6,13,4
1599,3,,7,24,12,4
1600,51,,11,16,23,5
1602,9,,9,0,8,5
1605,11,,18,12,21,5
1612,2,,10,0,16,4.5
1627,3,,6,1,9,4
1629,5,,7,4,3,3.5
1630,4,,5,0,6,4
1631,14,,14,16,20,5
1633,18,,3,5,5,4.5
1635,0,,9,12,22,0
1636,0,,10,4,16,0
1638,0,,4,24,8,0
1649,1,,13,4,14,4
1659,0,,8,4,6,0
1660,3,,9,0,6,5
1662,3,,4,7,6,3
1684,4,,7,1,14,4
1693,7,,13,0,16,5
1696,1,,14,36,20,5
1699,2,,10,36,14,4
1705,5,,6,0,15,5
1708,1,,5,0,4,4
1712,1,,7,0,15,5
1713,0,,7,0,10,0
1716,7,,10,32,13,5
1717,0,,9,24,9,0
1719,1,,8,0,12,3
1721,6,,5,0,12,5
1722,0,,4,0,10,0
1725,3,,6,0,10,5
1731,1,,7,0,11,4
1746,8,,5,0,11,5
1750,3,,14,8,11,4
1753,4,,8,0,6,5
1760,2,,8,4,17,4
1770,1,,7,4,17,4
1771,0,,9,6,8,0
1773,0,,10,8,9,0
1778,5,,13,0,12,5
1780,49,,7,8,7,4.5
1797,2,,8,1,11,5
1799,0,,12,0,39,0
1807,11,,12,4,18,4.5
1809,39,,9,8,7,4.5
1823,4,,6,0,15,5
1824,0,,4,0,10,0
1825,2,,3,1,13,4.5
1826,0,,4,0,6,0
1827,0,,5,0,17,0
1832,8,,14,0,12,5
1835,7,,8,0,8,5
1841,5,,6,4,12,5
1842,1,,11,4,16,4
1857,4,,7,6,14,4
1861,10,,8,4,12,4.5
1870,3,,6,0,9,5
1873,25,,7,0,10,5
1878,2,,5,1,4,3
1881,7,,11,15,28,5
1882,1,,5,4,7,5
1883,5,,6,0,6,4
1887,4,,7,0,5,4.5
1888,1,,6,0,16,4
1889,0,,8,0,13,0
1891,0,,7,0,1,0
1902,6,,2,0,3,4.5
1904,21,,7,0,14,5
1913,4,,9,12,7,4.5
1923,5,,7,6,16,4
1940,4,,5,0,12,5
1944,14,,8,2,10,5
1945,3,,5,2,5,4.5
1947,7,,11,4,7,4.5
1955,4,,9,0,12,3.5
1959,0,,11,8,32,0
1967,3,,5,0,8,4.5
1968,0,,4,8,11,0
1970,1,,3,0,8,0
1975,1,,3,1,4,5
1977,2,,11,0,17,0
1978,8,,4,1,7,4
1981,1,,2,0,5,5
1982,36,,9,0,4,5
1999,2,,4,0,5,4.5
2002,1,,5,0,6,1
2013,7,,9,20,11,4.5
2015,8,,14,4,18,5
2019,1,,4,0,6,5
2020,2,,6,0,6,4.5
2027,0,,6,0,7,0
2029,4,,6,20,14,4
2032,23,,11,6,7,5
2045,0,,11,6,21,0
2047,5,,9,4,17,4
2056,38,,5,6,10,5
2057,2,,6,16,7,5
2066,18,,3,1,16,4.5
2068,1,,6,0,24,5
2072,78,,10,9,12,5
2075,2,,9,0,9,3
2077,0,,5,0,10,0
2078,8,,3,6,3,5
2079,0,,5,0,45,0
2080,2,,3,1,6,4
2082,2,,7,0,13,4
2085,0,,13,0,19,0
2086,19,,4,0,8,4.5
2087,2,,6,0,8,3
2088,0,,4,0,7,0
2092,2,,8,0,12,5
2100,1,,8,0,11,2
2101,0,,9,6,15,0
2104,0,,7,6,11,0
2105,2,,8,6,16,5
2109,0,,8,0,6,0
2110,4,,6,0,7,5
2111,10,,7,3,7,5
2112,1,,15,6,17,4
2113,4,,9,4,17,4
2118,1,,2,10,5,1
2120,0,,5,1,6,0
2121,1,,5,0,14,3
2122,2,,7,0,15,4
2123,9,,8,0,12,4.5
2126,1,,17,1,16,5
2129,7,,7,0,27,5
2130,2,,5,0,9,4.5
2131,1,,4,0,4,4
2137,32,,6,8,19,5
2141,2,,10,12,6,5
2142,1,,7,0,18,5
2144,2,,11,8,20,4
2155,8,,5,0,6,3.5
2158,0,,9,0,16,0
2164,4,,8,44,7,4.5
2165,0,,8,1,9,0
2169,12,,10,0,17,5
2175,2,,1,6,5,5
2185,10,,6,0,7,4.5
2188,3,,9,4,17,4.5
2189,10,,3,24,7,4.5
2196,5,,2,1,3,5
2202,1,,10,1,21,5
2204,3,,7,4,29,5
2209,0,,4,6,11,0
2211,1,,12,12,15,3
2216,34,,5,8,3,4.5
2218,6,,12,12,9,4.5
2221,1,,7,4,7,5
2232,0,,6,192,3,0
2235,0,,8,4,31,0
2238,11,,15,12,13,4.5
2251,0,,6,1,29,0
2254,1,,8,8,13,0
2255,3,,6,4,4,4.5
2264,4,,11,0,1,4.5
2265,0,,6,0,3,0
2266,0,,6,0,15,0
2267,55,,6,6,4,5
2273,3,,12,0,13,4.5
2278,48,,9,0,9,5
2279,1,,5,0,10,4
2284,3,,9,0,21,4
2306,1,,10,6,14,5
2309,2,,5,4,6,5
2325,1,,15,6,13,4
2328,10,,7,6,10,5
2329,2,,11,2,17,4
2333,0,,9,12,10,0
2335,1,,7,1,31,5
2336,0,,6,4,12,0
2337,0,,6,6,5,0
2345,0,,14,0,6,0
2361,0,,5,8,10,0
2364,24,,5,4,14,5
2366,12,,14,4,27,4.5
2373,14,,5,10,7,5
2375,0,,6,15,25,0
2384,3,,10,4,5,3
2386,1,,9,0,6,4
2387,11,,9,0,11,5
2388,2,,7,0,4,4.5
2393,12,,10,0,6,5
2405,2,,1,8,4,3.5
2417,1,,8,8,14,5
2420,1,,4,0,6,4
2422,31,,12,0,9,5
2425,2,,5,1,5,5
2438,3,,10,0,5,5
2441,2,,9,0,15,4
2450,3,,8,8,12,4.5
2456,1,,5,0,13,0
2459,1,,9,0,15,4
2460,1,,1,1,3,4
2461,8,,5,4,5,5
2462,11,,2,2,8,5
2468,1,,10,8,13,4
2474,8,,15,0,17,5
2479,12,,8,6,9,5
2484,1,,6,4,8,5
2490,3,,5,0,7,3.5
2495,3,,9,12,11,5
2496,542,,9,0,17,5
2498,75,,8,20,12,5
2501,4,,17,1,27,4
2502,8,,14,0,22,5
2505,34,,12,16,11,5
2509,47,,9,0,6,5
2510,67,,12,0,7,5
2514,3,,4,29,1,5
2515,3,,2,4,4,4
2516,0,,7,0,2,0
2518,3,,6,4,10,4.5
2519,11,,4,0,6,4
2520,7,,5,12,2,5
2521,8,,7,6,4,5
2523,0,,4,0,5,0
2524,1,,5,6,2,4
2526,29,,15,0,27,4.5
2527,1,,9,4,13,5
2528,4,,8,12,22,5
2530,2,,7,1,10,4.5
2531,2,,9,4,12,3.5
2532,14,,11,0,8,5
2533,2,,9,0,5,3.5
2534,0,,9,6,12,0
2535,8,,12,0,13,4
2536,2,,6,0,5,4.5
2537,88,,12,0,16,5
2538,0,,1,0,4,0
2539,3,,4,5,6,4.5
2540,1,,13,12,8,5
2541,1,,14,6,13,5
2542,2,,5,6,8,3.5
2543,6,,5,6,11,4.5
2544,0,,15,16,13,0
2545,49,,11,7,11,5
2546,0,,6,0,6,0
2549,1,,9,8,13,5
2550,0,,9,0,11,0
2551,7,,6,1,9,5
2553,4,,10,4,19,4.5
2554,2,,1,0,10,3
2555,3,,14,4,10,5
2556,0,,7,6,16,0
2558,0,,3,15,6,0
2559,0,,10,1,14,0
2560,3,,8,0,2,4.5
2561,16,,5,6,4,5
2562,0,,4,0,4,0
2563,6,,7,6,8,4.5
2564,0,,15,1,41,0
2566,5,,2,4,13,3
2567,0,,10,6,8,0
2569,0,,7,0,7,0
2570,11,,13,6,21,5
2571,5,,9,4,12,4
2572,2,,7,4,9,3.5
2574,3,,18,6,20,5
2575,3,,12,4,7,5
2577,5,,7,4,11,5
2578,1,,10,0,14,4
2579,1,,15,4,11,5
2580,0,,3,0,7,0
2581,2,,12,0,17,5
2582,9,,8,0,11,5
2583,22,,7,12,7,5
2584,2,,16,12,28,4.5
2585,4,,8,4,16,3
2586,1,,11,2,13,5
2587,1,,15,8,30,4
2588,2,,11,6,9,4
2590,0,,9,1,23,0
2592,4,,20,0,33,5
2595,1,,8,0,15,4
2597,2,,12,12,9,4
2598,1,,5,6,11,4
2601,4,,14,6,11,5
2602,1,,8,4,17,3
2603,0,,10,1,11,0
2604,2,,6,4,12,4.5
2605,2,,11,5,17,4
2607,0,,6,4,12,0
2608,13,,8,0,24,5
2609,0,,9,0,21,0
2610,2,,8,4,21,5
2611,8,,11,4,14,5
2612,0,,7,1,25,0
2613,0,,16,6,37,0
2614,4,,12,0,12,4
2615,3,,7,0,7,5
2616,0,,9,0,22,0
2617,5,,6,0,9,4
2618,0,,10,0,15,0
2619,1,,10,6,25,5
2620,0,,5,4,11,0
2621,6,,13,0,11,5
2622,3,,7,0,8,3
2623,0,,12,24,9,0
2624,0,,8,0,7,0
2625,14,,10,0,12,5
2626,1,,11,0,11,5
2627,0,,5,0,5,0
2628,1,,6,1,15,0
2629,0,,7,6,11,0
2630,1,,6,4,8,4
2631,1,,4,4,29,4
2632,2,,9,4,15,4
2633,3,,12,4,17,5
2634,2,,8,20,10,3
2635,1,,3,0,23,3
2636,8,,6,0,11,5
2637,1,,8,0,7,4
2638,0,,2,4,11,0
2639,1,,7,48,22,5
2640,0,,8,0,13,0
2641,10,,4,0,2,5
2642,288,,6,0,11,5
2643,1,,10,0,13,5
2644,1,,6,0,18,5
2645,2,,11,6,20,3.5
2646,2,,7,0,14,4.5
2647,3,,9,0,12,5
2648,2,,6,0,20,3
2649,0,,5,0,2,0
2650,8,,2,8,31,5
2651,1,,8,0,46,4
2652,8,,6,0,17,5
2653,2,,13,0,13,4
2654,2,,7,0,2,5
2655,1,,7,0,22,5
2656,1,,8,6,22,5
2657,4,,12,0,13,5
2658,9,,7,0,16,5
2659,2,,11,0,14,3.5
2660,1,,4,0,24,4
2661,1,,8,4,14,5
2662,4,,8,4,9,4.5
2663,25,,14,8,25,5
2664,3,,7,1,17,5
2665,2,,7,6,22,5
2666,1,,11,6,20,5
2667,1,,4,6,9,5
2668,1,,6,8,10,3
2669,1,,3,0,6,4
2670,15,,8,4,8,5
2671,0,,4,0,1,0
2672,0,,4,0,13,0
2673,1,,8,9,13,4
2674,5,,6,1,12,4.5
2675,5,,13,0,10,4
2676,0,,15,8,38,0
2677,64,,8,16,12,5
2678,3,,5,1,10,4
2679,7,,3,6,17,5
2680,2,,11,0,17,4
2681,1,,4,4,12,5
2682,28,,15,0,11,5
2683,1,,9,8,6,4
2684,3,,11,12,14,4.5
2685,1,,7,6,7,5
2686,25,,3,80,21,5
2687,47,,7,10,5,5
2688,10,,1,0,6,5
2689,0,,7,4,15,0
2690,3,,8,0,19,5
2691,1,,8,6,19,4
2692,4,,7,0,35,5
2693,0,,8,4,19,0
2694,2,,12,8,15,3
2695,28,,6,0,9,5
2696,0,,4,0,20,0
2697,3,,4,4,9,4.5
2698,1,,5,10,18,0
2699,1,,11,1,11,0
2700,3,,9,6,10,4.5
2701,0,,13,0,25,0
2702,0,,7,0,24,0
2703,1,,8,4,10,4
2704,1,,12,0,16,5
2705,3,,9,8,7,5
2706,0,,9,6,12,0
2707,16,,7,0,9,4.5
2708,96,,11,2,9,5
2709,0,,10,0,6,0
2710,2,,9,12,24,4.5
2711,0,,10,4,3,0
2712,5,,5,4,8,5
2713,21,,7,4,4,5
2714,5,,4,0,14,5
2715,0,,11,0,7,0
2716,0,,12,6,23,0
2717,9,,10,4,5,4.5
2718,7,,12,8,16,4.5
2719,1,,8,0,3,5
2720,4,,11,0,7,4.5
2721,0,,10,0,9,0
2722,6,,5,4,18,5
2723,0,,13,6,20,0
2724,1,,7,0,14,5
2725,2,,4,4,12,4
2726,1,,6,1,14,4
2727,3,,9,30,6,5
2728,1,,10,10,22,2
2729,0,,9,0,24,0
2730,0,,7,12,20,0
2731,9,,13,4,10,5
2733,0,,8,0,11,0
2734,5,,2,1,8,4
2735,1,,9,6,14,5
2736,0,,9,0,4,0
2737,2,,7,1,10,3.5
2738,0,,4,1,18,0
2739,1,,6,4,7,3
2740,3,,9,1,20,3.5
2741,8,,6,1,13,4.5
2742,1,,11,8,26,5
2743,1,,3,4,9,3
2744,0,,4,1,11,0
2745,0,,7,6,9,0
2746,4,,10,2,10,4.5
2747,2,,1,4,7,4.5
2748,2,,3,1,3,4.5
2749,0,,13,0,23,0
2750,10,,14,4,18,5
2751,5,,12,16,7,4.5
2752,1,,13,16,3,4
2753,7,,4,8,6,5
2754,3,,11,12,23,4
2755,6,,11,12,22,4
2756,0,,1,480,17,0
2757,1,,10,2,7,5
2758,2,,15,4,29,4
2759,1,,15,4,19,1
2760,0,,7,4,16,0
2761,2,,4,0,13,5
2762,4,,12,0,13,5
2765,0,,8,1,5,0
2766,0,,12,6,33,0
2767,18,,10,0,9,5
2768,99,,8,84,3,5
2769,0,,11,0,24,0
2770,12,,2,0,18,4.5
2771,1,,11,4,14,5
2772,22,,15,0,23,5
2773,1,,9,8,29,4
2774,5,,4,0,23,3.5
2775,2,,7,8,12,5
2776,1,,5,0,5,5
2777,0,,9,1,13,0
2778,1,,10,8,25,5
2779,3,,5,4,11,5
2780,2,,9,24,19,4
2781,34,,10,0,15,5
2783,12,,7,0,2,5
2785,2,,8,0,20,5
2786,2,,5,10,6,4
2787,1,,8,8,8,5
2788,3,,6,0,17,5
2789,7,,8,6,9,3
2790,0,,13,0,27,0
2791,57,,12,4,19,5
2792,0,,4,0,1,0
2793,1,,6,0,9,5
2794,2,,5,1,22,4
2795,1,,7,1,20,5
2796,1,,12,10,21,3
2797,2,,11,2,12,4
2799,0,,3,5,6,0
2800,1,,8,0,15,5
2801,2,,10,0,35,4
2802,2,,18,4,18,5
2803,2,,15,6,29,5
2804,1,,6,1,9,5
2806,3,,15,12,38,5
2807,0,,1,0,4,0
2808,3,,3,20,5,5
2809,1,,10,2,30,5
2810,0,,6,0,15,0
2811,22,,4,15,14,5
2812,0,,10,1,15,0
2813,1,,5,0,4,4
2814,19,,8,0,3,5
2815,9,,6,1,17,5
2816,24,,13,6,19,5
2817,0,,6,1,13,0
2818,4,,7,6,9,4
2819,6,,4,0,9,4.5
2820,14,,13,8,19,5
2821,7,,10,0,3,5
2822,1,,12,0,26,4
2823,3,,5,4,13,5
2824,0,,2,1,5,0
2825,1,,13,9,17,5
2826,1,,3,4,10,5
2827,5,,10,0,14,5
2828,1,,6,1,15,4
2829,1,,12,1,35,4
2830,2,,7,4,12,5
2831,2,,10,4,15,5
2832,0,,3,1,7,0
2834,0,,7,8,7,0
2835,4,,7,1,6,4.5
2836,3,,9,0,7,5
2837,0,,2,1,14,0
2839,1,,4,8,19,5
2840,1,,8,32,13,5
2841,6,,7,8,15,5
2842,2,,7,4,10,3.5
2843,0,,4,1,13,0
2844,5,,5,8,9,5
2845,10,,11,8,14,5
2846,0,,4,20,14,0
2847,1,,4,4,18,3
2848,5,,7,4,17,4
2849,0,,6,0,16,0
2850,3,,3,12,13,4.5
2851,0,,9,2,26,0
2853,2,,8,4,20,4.5
2854,0,,9,4,10,0
2855,0,,15,5,33,0
2856,5,,11,4,13,4.5
2857,8,,12,12,15,5
2858,0,,10,4,20,0
2859,1,,7,1,8,3
2860,0,,7,4,15,0
2861,0,,6,50,40,0
2862,17,,9,4,21,5
2863,1,,4,0,14,4
2864,3,,11,0,6,4
2865,1,,4,1,4,4
2866,1,,2,0,3,5
2867,0,,4,0,4,0
2869,1,,7,0,14,1
2872,8,,9,2,6,5
2873,3,,14,2,20,5
2874,0,,6,1,3,0
2875,7,,7,2,10,5
2876,0,,11,6,26,0
2877,1,,15,8,21,5
2878,5,,3,0,31,5
2879,0,,9,0,7,0
2880,2,,2,0,9,4.5
2881,1,,2,1,9,5
2882,1,,2,0,9,4
2883,2,,16,12,39,4.5
2884,0,,15,16,38,0
2885,21,,8,6,13,5
